2.242
2.492
2.731
2.963
3.433
3.639
3.903
4.135
5.307
5.553
6.915
7.188
7.422
7.655
8.239
8.360
8.475
8.594
8.830
9.773
9.995
10.244
10.463
10.933
11.406
11.641
12.576
12.808
13.044
13.517
14.452
14.916
15.326
15.442
15.559
17.496
17.726
17.845
17.963
18.434
18.549
18.668
18.788
19.135
21.017
21.251
21.487
21.720
22.183
22.415
22.650
22.764
24.996
25.230
25.345
25.404
25.934
26.154
27.109
28.507
28.761
28.971
29.214
29.922
30.155
30.631
34.138
34.366
34.601
34.835
35.309
35.539
35.775
36.013
36.244
37.181
37.421
38.827
39.063
39.297
39.531
39.997
40.220
40.290
40.401
41.871
42.101
42.338
42.805
43.044
43.275
43.517
43.743
44.447
44.684
44.919
45.392
46.323
46.553
46.791
47.318
47.376
47.493
49.371
50.053
50.132
50.247
50.550
52.892
53.126
53.362
53.595
54.059
54.290
54.642
54.697
54.758
56.871
57.101
57.337
57.572
57.809
58.042
58.280
58.510
59.679
61.329
61.563
61.799
62.266
62.384
62.506
66.237
66.469
66.939
67.182
67.415
69.760
69.989
70.225
70.458
70.929
71.160
73.737
73.973
74.208
74.675
74.910
75.379
75.612
75.852
76.552
76.786
77.260
78.183
78.428
78.661
79.131
79.244
79.481
79.600
79.718
81.237
81.469
81.965
82.027
82.177
82.418
84.760
84.990
85.225
85.458
85.930
86.030
86.162
86.633
88.739
88.970
89.913
90.618
91.083
91.556
93.189
93.429
93.660
94.055
94.207
101.871
102.103
102.338
102.809
103.041
103.510
103.747
103.977
104.681
104.918
105.155
106.328
106.636
106.996
107.102
107.185
107.265
107.329
107.384
107.511
107.591
107.729
107.851
107.975
109.120
109.368
109.606
109.835
110.303
110.542
111.010
111.250
111.474
111.947
112.184
113.595
113.828
114.059
114.520
114.669
114.778
114.872
114.935
115.110
115.191
115.330
116.871
117.102
117.809
118.047
120.393
120.626
120.862
121.095
121.563
121.790
121.908
122.023
122.260
124.834
125.071
125.309
125.543
125.781
126.010
127.871
128.126
128.362
128.577
129.300
129.537
129.884
130.003
133.738
133.972
134.443
134.679
134.915
137.259
137.489
137.725
137.958
138.430
138.661
139.134
141.238
141.472
141.708
142.172
142.424
142.880
143.112
143.349
144.054
144.287
144.760
145.673
145.928
146.161
147.571
148.738
148.969
149.577
149.674
149.879
152.258
152.738
152.958
153.431
153.659
154.133
156.239
156.469
156.942
157.413
157.763
157.882
158.118
158.351
158.583
158.821
160.690
160.932
161.162
161.517
161.631
161.752
161.865
161.985
162.099
165.613
165.844
166.315
166.554
166.790
169.133
169.368
169.601
169.833
170.065
170.307
170.535
171.009
171.202
171.365
171.428
171.553
171.649
171.749
171.857
172.174
173.113
173.339
173.583
174.047
174.286
174.517
174.988
175.232
175.691
176.162
176.212
176.673
177.535
177.960
178.280
179.025
179.101
179.208
180.613
180.844
181.554
181.786
184.137
184.608
184.833
185.164
185.305
185.536
186.009
188.114
188.347
189.048
189.287
189.872
189.931
190.011
190.463
190.730
190.928
192.582
193.040
193.273
194.026
194.105
194.217
227.488
227.722
228.193
228.426
228.664
231.007
231.239
231.475
231.708
232.180
232.411
232.882
234.988
235.221
235.459
235.922
236.173
236.613
236.834
237.103
237.566
238.037
238.509
239.423
239.842
240.145
240.852
242.488
242.720
243.221
243.325
243.424
243.666
246.007
246.256
246.488
246.709
247.181
247.408
247.883
249.976
250.220
250.909
251.161
251.868
252.334
252.521
252.804
254.406
254.634
254.872
255.202
255.442
255.535
255.769
257.476
257.720
258.409
258.661
259.368
259.834
260.021
260.304
263.545
263.776
264.011
264.526
264.640
264.757
264.873
264.994
265.106
